//ocean			|100|00 |1  |1  |1  |60 |1  |1  |40 |00 |1  |
//lake			|00 |5  |10 |10 |4  |5  |60 |10 |5  |00 |8  |	
//meadow		|20 |50 |70 |35 |7  |1  |30 |5  |5  |00 |30 |
//forest		|5  |50 |40 |70 |1  |0  |20 |1  |5  |00 |15 |
//steppe		|5  |5  |10 |5  |80 |40 |1  |5  |0  |00 |4  |
//desert		|5  |0  |1  |1  |30 |80 |0  |1  |0  |00 |1  |
//moor			|5  |5  |10 |10 |1  |0  |70 |5  |5  |00 |10 |
//tropical forest	|4  |2  |10 |1  |10 |1  |1  |90 |0  |00 |15 |
//ice desert		|10 |2  |1  |1  |1  |0  |1  |0  |90 |00 |1  |
//highlands		|0  |0  |0  |0  |0  |0  |0  |0  |0  |60 |0  |
//mountain		|10 |2  |5  |5  |1  |5  |5  |20 |10 |00 |80 |